#x	y	dy
      0.00000      4.39858      4.00000
      1.00000      7.58997      5.29150
      2.00000      10.8593      7.79651
      3.00000      15.4767      10.6190
      4.00000      33.7592      13.5331
      5.00000      67.4368      16.4743
      6.00000      65.5312      19.4199
      7.00000      160.832      22.3612
      8.00000      142.750      25.2945
      9.00000      234.052      28.2182
      10.0000      178.028      31.1319
      11.0000      386.458      34.0356
      12.0000      359.698      36.9297
      13.0000      375.822      39.8144
      14.0000      465.388      42.6901
      15.0000      489.597      45.5573
      16.0000      622.971      48.4163
      17.0000      686.282      51.2676
      18.0000      647.705      54.1115
      19.0000      790.550      56.9483
      20.0000      921.328      59.7783
      21.0000      941.895      62.6019
      22.0000      1013.43      65.4192
      23.0000      1118.87      68.2307
      24.0000      1192.61      71.0364
      25.0000      1346.83      73.8366
      26.0000      1520.72      76.6316
      27.0000      1547.51      79.4214
      28.0000      1723.88      82.2064
      29.0000      1999.18      84.9866
      30.0000      1902.28      87.7622
      31.0000      2292.82      90.5333
      32.0000      2317.88      93.3002
      33.0000      2369.87      96.0629
      34.0000      2391.07      98.8215
      35.0000      2552.03      101.576
      36.0000      2795.65      104.327
      37.0000      2808.45      107.074
      38.0000      3119.43      109.818
      39.0000      3111.98      112.558
